7.028337
-5.809966
-2.967432
-7.952625
5.977361
1.652610
2.039641
-5.473401
8.442672
-3.368183
-1.526722
6.849117
2.005237
-4.104960
2.639474
-1.018182
4.201539
5.570538
9.585835
3.646486
-8.377762
-1.263490
0.876729
-4.631814
5.757181
0.437529
4.355215
9.594414
-4.945380
0.979598
0.171615
7.223313
-7.662469
-3.135826
-8.635816
4.766419
-8.570539
8.701333
0.622105
-6.883074
-9.340057
7.263794
-1.345931
-4.514748
-9.231305
3.680535
-0.272626
7.346359
3.172824
-7.862526
1.519514
6.242959
-1.456139
-9.830462
-4.132427
1.572447
2.055472
-5.033253
-4.961290
-9.800250
9.506332
-2.427529
-3.131068
-1.104168
-5.451178
5.704773
3.252788
7.296566
-4.035927
6.717245
4.235129
-9.735944
-4.035993
6.640399
2.344236
-1.516976
-5.118648
-3.428973
9.530309
-0.513564
-7.935689
-8.154920
-3.280672
1.709356
-8.794383
2.419397
9.712475
-4.501418
-2.503782
7.188979
-9.359272
9.338237
-0.955698
-3.776465
-3.214748
-9.012516
-4.277258
5.181727
2.075351
5.093312
1.863218
-1.731108
-6.444599
9.316710
0.415862
-7.390447
3.223997
-5.864012
6.683311
-4.483680
3.854000
8.572721
8.993663
-6.181754
-1.768177
7.613987
0.231363
3.177849
0.362214
-5.652344
9.643220
0.452120
2.416107
-0.810893
-9.566470
2.810917
-6.483278
-0.830127
-0.487579
9.023383
-1.018605
-6.748225
2.186548
6.204989
1.052686
-2.702698
-8.841381
-3.526263
-1.565772
-8.267959
-2.060822
5.126738
-8.921235
8.648289
9.120641
-7.204236
-8.640157
0.919768
-4.535610
-8.738715
3.952695
-2.688539
8.408138
-3.369714
-4.072463
-5.500972
6.134599
9.558303
-9.506533
7.799796
3.346202
1.500116
-0.261579
2.521222
-8.988287
7.797677
8.735072
-0.322518
3.341082
-2.761153
-0.166003
-4.840864
0.049700
-8.064434
-6.843338
-2.032691
3.135964
-6.628819
-2.537674
-0.907788
-8.876758
-8.310393
3.085691
-3.221384
7.684094
9.646166
8.935120
8.225953
2.324320
-4.042117
5.658141
-8.440692
1.326794
-6.336835
9.519183
2.263311
0.614758
5.286269
5.481671
7.978847
7.350125
5.297735
-5.503836
-6.807566
-7.388186
7.167692
-2.880236
-0.989640
2.329850
-0.136895
-2.519577
9.524585
-7.746729
0.314306
8.575420
-3.611287
-0.185347
1.849913
4.219849
-2.761786
9.281757
5.011052
7.828860
5.978202
-6.643466
-3.552124
-6.270697
3.635480
-1.202843
9.937074
0.734517
7.559046
7.495161
6.839794
4.623700
3.136696
2.512697
-8.988256
-7.658297
5.222984
7.247112
3.129481
7.456462
5.060994
8.822114
-8.208315
-4.877908
4.982450
-9.163683
5.063000
0.916794
3.539863
0.622118
3.315943
-6.835664
4.945306
-6.413282
9.845405
-2.609681
-3.576181
-0.480172
5.477936
7.925817
8.725263
-3.579381
8.677164
7.094535
2.160100
-4.159191
9.916302
-1.209128
-4.997686
-9.600836
7.724194
-2.526070
-1.915949
-4.732464
-3.724270
-5.008163
9.345313
-4.742663
-4.586124
2.889678
-0.001470
-8.207341
-7.307179
3.892549
6.905671
-9.698006
-9.303917
2.073524
-3.211269
-4.787215
8.670991
-8.073538
3.535673
-2.108280
8.736109
7.894148
-9.887303
-8.506023
-5.051486
-6.345029
-7.540517
-5.822592
-5.704073
-1.975543
4.530547
8.722222
8.905384
7.375714
1.938262
8.131393
2.752473
9.468592
-6.126749
1.842434
7.832409
2.658864
-1.979948
-0.109585
-9.480538
-7.960970
7.404541
-4.804144
-0.051298
5.264976
-2.686618
-8.868246
-8.395687
-5.240668
4.353582
-8.736155
7.694989
1.472543
-2.389813
-2.595782
-3.928097
1.470596
3.866424
-8.694638
7.141026
-8.472866
-4.668018
-3.068551
0.192906
-8.610613
-9.185401
7.783443
2.141149
-7.501124
-5.988106
-0.675618
1.340811
5.128182
8.114223
7.668061
7.042639
-9.241055
-6.161997
-1.509894
-2.807970
7.442977
-2.905895
5.718370
-7.189164
-4.868254
-6.099135
-6.578947
7.398165
9.484693
-2.994983
0.482921
0.041154
-1.020490
-2.384658
-1.003369
-7.540890
0.998634
4.465953
-4.213852
4.707354
-3.324108
1.147799
-6.097378
-0.290828
3.237494
-1.490319
-9.339321
8.033198
-1.942406
-8.833636
4.976602
0.635362
-1.372218
-3.526720
3.281265
6.036604
1.221569
-6.607030
1.065917
-4.330428
-9.337969
-5.538040
5.625602
1.014679
1.541252
7.617443
9.493827
6.583906
-2.396957
4.747770
-1.454482
1.251712
-6.755656
0.861950
4.081853
-8.523831
5.093910
-2.404422
-6.926437
-0.512778
-1.218475
4.209815
3.593115
5.652116
9.905083
1.201948
-2.164294
-8.184116
7.618341
7.948771
-0.156770
-6.068762
-1.360751
7.579068
7.723052
-4.291461
-2.912698
2.710303
-0.230446
8.185927
8.775622
-6.242692
8.944965
2.295881
-6.077172
9.756055
-5.323722
9.802169
-4.896483
8.369876
-2.290781
4.194453
-5.511178
-3.792977
6.175592
-9.412378
4.865918
-6.255367
2.761697
-9.153467
-2.461737
-4.872915
-3.970304
-3.562780
9.423278
9.937936
-6.201035
-7.945374
5.278749
-0.544100
1.831619
-2.690164
4.585724
2.108269
8.781275
5.529262
6.171128
2.354825
-7.121053
3.000666
9.690741
-4.912066
-9.458542
-2.849630
0.023104
5.238844
7.666500
7.077592
-6.222509
-7.406722
0.500977
5.530994
-5.673417
-1.734954
-7.214526
9.152250
-4.635672
-8.596803
-0.686481
9.304877
5.332887
-3.126660
-3.385623
2.304421
2.081646
7.692512
-8.306084
5.425423
9.590062
9.590849
-7.619240
9.439604
-7.490813
4.590118
7.174095
1.779945
1.309452
3.213006
3.796390
1.374112
7.522615
6.563789
0.349140
-2.286453
0.033494
5.993531
-2.819212
-2.467386
7.638720
-2.966885
-1.557878
4.675968
0.457574
-4.180984
2.511661
5.490362
-6.121232
7.025185
-4.295932
1.406075
-9.751099
-5.585342
2.636282
1.728825
-8.264596
-0.940842
6.410288
-9.279729
5.337288
-3.528788
-1.330700
-7.222210
4.882849
-5.294359
-7.800946
-4.413877
6.535989
-9.814165
0.086402
0.027342
7.363566
9.913013
3.594057
-1.357749
8.483243
0.094712
-2.677089
8.166456
-2.529396
6.226098
-7.348297
-3.833274
-0.614515
5.170313
7.676126
-0.296200
5.122700
5.568206
2.703478
-6.808828
5.782889
3.830543
4.740918
-2.730315
5.553037
-7.224263
-2.403960
-2.660306
-3.301413
5.599508
2.282563
8.930780
-1.109315
3.893871
-5.859499
6.550563
-6.405244
8.907942
-6.763860
-8.011318
5.412098
1.285765
-2.146388
5.165601
-7.108262
9.701501
9.081394
-8.672182
5.887386
8.563562
-5.672849
6.898884
3.708743
-4.400430
-6.721967
6.372044
1.591436
7.794718
-6.717791
-1.564197
-4.545482
-8.042756
3.998743
-5.744660
-4.629769
-1.552635
5.521614
3.996927
-2.801786
9.163318
-7.487407
-9.891860
0.257034
3.323957
-3.306756
0.491488
8.376641
5.482252
2.339466
6.022054
-0.907919
8.226791
-0.036483
0.399502
4.827969
-0.429007
6.822947
-8.033521
1.442722
-1.015273
-9.320210
-5.456084
2.377564
-3.405935
-6.905691
-9.433378
-3.909195
4.712035
-0.245324
-9.549717
3.128019
-2.651621
-9.067099
-2.821405
9.669529
6.333129
-9.772079
-8.130884
-4.444626
-9.753335
3.962600
-2.538445
4.214646
3.578318
5.678801
-2.876113
0.951778
6.210235
2.639003
-6.191373
5.837922
-0.568691
-5.859797
2.519361
6.111132
-9.281122
4.499141
7.706371
7.697614
1.038723
3.891242
3.703545
-7.690270
-8.739917
7.506525
6.629818
7.688046
-9.833007
-1.941011
1.887225
-7.661498
-1.585213
8.201490
-9.976408
9.139866
1.648024
3.610885
2.495328
-7.521123
1.050212
9.863676
6.408948
6.402391
-3.654894
-4.115754
-8.390668
5.261982
-5.175816
1.033990
-2.892093
3.242874
2.871094
-4.168377
8.330815
2.522395
7.042486
-0.443882
8.303324
-0.441446
-1.829811
-9.605659
4.144233
-2.234123
-9.355042
5.906896
8.376060
-6.751305
-9.470046
8.722588
-5.048150
0.344463
-9.582277
-3.241315
1.900049
0.336856
6.375092
4.423089
4.778716
-0.989310
-5.722142
7.059710
-9.729630
-7.335218
4.217031
-0.740370
3.240140
-8.225948
-6.888343
-9.784999
-2.008284
-6.031801
-3.794844
-9.452457
7.348998
4.715275
2.719272
-2.630204
1.071335
-9.699833
-4.816435
-1.252286
1.739693
2.228074
-1.010144
7.124056
7.061273
5.234674
1.053949
1.843967
2.290021
2.012576
-0.391333
8.618797
2.484232
3.662933
-6.018318
9.103630
-4.462036
-6.456373
6.691919
-4.035289
-2.606409
5.677510
-7.851700
0.987023
-8.856170
-3.807662
0.926242
-4.872722
-0.544691
-8.075670
1.615466
-9.714933
-6.130557
-4.393976
-0.729531
-7.443957
-2.115244
1.255977
6.985096
-6.924821
-6.058301
-4.222745
-7.375774
-9.206162
5.654222
7.001930
-8.212597
-2.309318
-8.648484
5.857517
6.386515
-2.900037
8.760647
5.522730
5.761505
5.780381
0.994728
-6.595745
-1.189350
-4.499429
-6.576228
-0.729867
0.037250
-1.994316
-0.253886
-4.450658
4.893710
2.985201
-6.009207
6.722206
-9.179645
1.837899
8.510800
-1.044453
-0.789476
5.518071
-2.844385
-3.281152
2.574363
7.872305
-1.286054
0.540530
1.081203
-9.096479
-7.221784
-8.614752
-8.342522
-5.138156
-7.271430
-3.023013
-1.148250
3.461209
-3.533738
6.197745
7.423009
-7.290773
6.797032
4.655408
0.145271
5.824209
-4.322370
4.239062
6.075289
-2.930606
-3.199301
-8.962402
-0.475340
-7.794915
7.044827
8.098108
-2.553316
-6.506208
-4.943908
9.295309
0.838754
-0.988640
4.914317
-2.198269
-3.849186
7.885398
-4.938736
-5.181124
8.879320
6.610476
5.075608
9.874426
4.216620
-7.977141
5.019712
-2.203370
-5.030456
-2.491265
1.940280
-5.338182
-1.303626
-8.487509
-9.099266
7.950905
2.729502
-2.778787
-5.459150
8.105738
0.198910
3.923105
-1.919388
-2.924199
-5.959742
-5.847093
-3.885668
9.173192
-5.622169
-9.336801
0.464578
3.848807
9.475304
8.355382
-4.044827
5.997709
-8.154628
6.831969
-9.243837
-3.883494
6.887472
4.295565
-2.584002
-9.414134
7.128921
-0.387959
8.222269
-0.878547
0.097092
-6.995395
-4.108262
-7.125348
9.173132
0.142876
7.822163
-2.157085
6.871900
-5.426020
-0.742693
5.265652
-7.529629
-5.041622
-2.450904
-7.160944
-1.826193
-0.903706
5.888023
-6.467600
-9.348671
7.778248
-9.755466
-4.116141
8.565020
-9.225040
-8.241534
-1.518681
3.135550
9.598316
-1.544806
-8.133308
0.369114
6.646132
-0.302131
-6.482976
2.702604
-2.210390
-0.986374
0.169010
5.585502
-2.397579
-1.422371
8.894668
6.989007
8.940449
-9.693832
-3.593713
3.923062
-0.586233
4.572240
-8.928246
-3.169535
7.070285
-7.774183
6.941334
6.222530
-3.192280
-5.094598
6.150090
-6.654669
-9.881126
2.979908
-5.225396
-0.460165
-2.251270
-2.504082
6.733604
-3.612736
0.759230
9.252471
-1.471367
-8.379398
-4.172079
7.614165
-8.552538
3.004153
-9.883960
6.424762
-0.396160
7.879229
-4.905137
9.993339
7.762039
-3.790367
-7.104478
8.103734
4.058975
-7.800028
6.247570
-7.169831
-9.311855
-8.514695
-4.252784
-7.531002
-6.843952
3.009904
-1.905250
5.717849
4.585799
6.478225
3.056231
-7.123913
5.930296
-0.002979
-6.710960
-7.052572
-7.025572
-3.781452
6.781276
-3.688526
4.809096
9.775767
-3.834519
-5.664799
0.289693
7.967865
-3.710029
0.966295
7.429065
-8.071217
0.395212
-9.313757
-1.536789
-5.351676
4.612259
5.291079
-1.456111
-3.786746
-0.389747
3.152074
1.269513
1.637772
9.089963
-9.081354
0.103896
-8.251008
-0.203798
-8.723020
-0.515812
0.998117
0.740333
8.130113
-4.788440
0.120468
8.840565
1.309542
-8.127134
-5.040811
-0.568531
1.121691
-1.101217
5.238890
-1.911620
-3.470544
4.127812
-5.914107
-4.010791
-6.181623
8.537327
-6.145455
-4.168713
-2.136413
-6.832231
4.481657
-4.984575
-8.620856
-5.081580
-8.990841
-4.387596
4.872550
-7.123042
3.892133
7.394038
-1.281821
-3.491198
1.974570
-4.136623
-8.892346
-6.751246
9.743362
4.163676
6.055521
2.324599
-3.136168
3.659318
6.456764
4.827853
-5.908240
-6.938912
-1.752339
-1.462598
9.511906
7.883551
-5.180977
-3.939575
1.831156
6.176798
5.757941
2.423568
-7.300463
-3.514651
-7.508812
-8.855264
-6.091559
-2.658662
0.383465
-0.173677
7.588123
4.238863
-6.659592
4.436770
-8.642699
4.718566
-0.725346
-4.247021
-5.519915
0.321895
-1.150905
1.772481
-0.822670
-6.805895
3.342692
6.728943
8.260325
-2.076708
2.078755
-2.233779
-7.239335
5.601238
5.661935
-2.561840
-9.182845
-9.851730
2.683962
-5.985743
-7.694021
8.340397
0.579195
-5.384973
-2.533178
2.302825
-2.150891
-5.346812
-0.366607
-8.518396
-4.798862
-4.366906
6.103049
-2.491022
1.282796
1.403771
-6.246034
-7.923314
-6.271412
-4.748470
-1.520476
1.704436
0.286912
9.274793
-8.309388
-1.517389
-5.456610
-2.478208
3.492314
-9.257036
5.002751
-5.757354
-4.689514
-0.514904
-6.560804
4.693559
2.064096
-8.546976
-7.839681
-5.078442
8.732616
-9.951302
-4.877281
-0.243567
4.165764
6.138094
-7.744849
7.484409
-8.391600
6.851822
-4.560699
0.493223
-6.354684
-4.575784
9.251002
2.720726
-3.391688
9.320798
3.987213
5.549037
-0.686422
0.444291
1.864098
8.009771
1.415136
-3.937633
-7.202604
-3.691593
1.083012
-9.821270
-2.084172
7.078694
-5.141809
-4.794842
3.429680
1.233543
-8.306186
8.294229
-3.507601
-6.429001
7.570200
4.533155
4.411983
5.728216
2.969200
-1.829404
6.922683
2.345187
6.054635
5.453720
6.994370
2.285614
9.256332
-8.923291
-5.908451
-4.524767
1.407035
0.274182
-3.666462
-8.326427
8.074030
7.312690
-7.249965
9.391613
-4.189741
-9.610661
-5.786510
9.946006
-6.810115
-2.205025
2.061540
0.345311
0.111677
5.562820
-5.539984
7.982441
5.129421
-7.808489
6.697708
6.002426
4.756624
0.147271
6.153039
8.469576
7.933330
-4.979972
7.324301
0.407731
6.576285
6.247887
3.796716
8.702557
-3.711507
-4.990631
-9.881039
-3.753449
5.181320
-4.623410
4.584065
7.411037
4.352854
2.627398
0.755457
-6.790342
8.147160
-3.034086
-3.196009
-6.057271
-1.988972
-7.853546
-5.442801
-1.337277
-5.520357
-1.987823
4.214603
-7.235923
0.391601
1.420281
7.551146
-5.476797
3.026276
0.966202
-2.596138
4.536143
9.372713
-0.218055
6.377324
5.472199
-4.611657
-4.355905
-1.776392
9.412300
-7.597287
4.770949
7.813610
9.083437
-0.257441
8.526574
-7.252108
2.763633
-1.319160
-1.473901
-2.312849
-6.677010
3.843780
-6.302812
-9.241951
-5.695341
-5.227441
0.029987
8.855482
-9.912063
-9.884254
7.931051
2.580855
4.620514
-3.364862
5.314161
-5.088262
-0.270476
2.298617
-1.958825
6.888184
-6.370841
-7.593672
-3.356050
0.363781
0.372366
5.899309
7.126325
-2.910324
-3.357651
2.121080
-6.765724
1.390469
-8.522654
-3.343130
5.421309
-5.731136
5.587066
8.960848
-6.544725
6.787128
-3.300226
1.292781
-7.616497
5.937466
-9.891422
3.808901
-4.320518
3.291648
8.903090
-3.788870
-6.765270
-9.595981
-4.168729
-2.819300
7.948063
-7.697203
-9.366636
-1.176614
-2.952727
-8.663843
2.988999
-9.890391
1.305595
3.314948
-9.371179
9.836612
2.384224
-3.655423
-6.277374
7.634065
8.599787
0.710890
-1.730567
-6.671001
9.416753
4.500387
-3.107179
-8.788745
-8.846455
4.676049
-0.862064
-6.828803
-7.860529
-8.551013
1.925677
5.879646
8.820793
-0.834652
2.246693
3.812486
-1.417311
-6.158112
-1.789462
-7.122440
2.147943
9.724627
-1.645604
4.690675
-3.233781
0.135731
9.869866
1.607605
8.974468
5.699267
-1.346747
6.592948
-8.841207
1.211948
6.517432
8.629808
0.662689
0.131921
-9.166170
-8.066386
-0.440936
2.028864
-3.943128
1.099809
0.305943
-5.302679
7.389135
-3.559728
-2.640314
-0.023594
0.931779
-2.281730
6.662372
4.664261
6.369482
-5.722781
2.843034
-2.676787
-6.611792
-5.875195
8.380035
7.931352
-7.613222
4.418304
3.875873
-2.289923
3.477787
9.035350
9.447492
-5.153115
-6.845537
8.110807
7.944353
-7.567921
6.801338
0.141214
0.801297
5.373512
-6.819386
2.091614
-4.377412
-4.128136
5.410012
7.665904
-0.248205
1.234966
-0.882801
5.202546
4.856244
-8.197480
5.450841
-2.492415
8.303066
-3.328753
-7.722057
-9.558585
-1.558342
0.140725
-3.175093
-7.932527
2.450963
2.658907
-3.575945
3.219073
1.645532
-8.728931
3.338610
-5.158519
6.086671
5.047473
3.257517
6.672634
-9.756279
8.538326
-5.276945
9.908336
-5.686505
-2.614485
-5.560409
-5.596577
-7.368640
6.636761
-0.052548
-3.886357
-3.490561
0.580221
3.180610
0.918306
8.094768
7.668704
-3.903601
2.986633
-3.788389
-7.474345
-1.652517
6.526730
8.408927
6.336642
1.860372
-0.104822
-9.598282
-1.892591
0.320939
-0.621980
-1.344620
-4.176191
-2.597329
-2.677614
-4.829410
3.485859
7.311336
7.358797
3.898363
2.877877
-0.935887
-0.728403
-9.509307
-5.472295
2.704147
5.832971
0.024338
-0.885760
3.845012
-4.959940
